aurei
78.0
2316
0.03367875647668394

uraei
72.0
2316
0.031088082901554404

auloi
65.0
2316
0.028065630397236616

aloes
94.0
2316
0.04058721934369603

adieu
65.0
2316
0.028065630397236616

aiery
81.0
2316
0.034974093264248704

ayrie
78.0
2316
0.03367875647668394

aesir
85.0
2316
0.03670120898100173

arise
98.0
2316
0.04231433506044905

raise
105.0
2316
0.04533678756476684

reais
91.0
2316
0.03929188255613126

serai
91.0
2316
0.03929188255613126

ariel
105.0
2316
0.04533678756476684

ourie
78.0
2316
0.03367875647668394

raile
107.0
2316
0.04620034542314335

realo
93.0
2316
0.04015544041450777

stoae
93.0
2316
0.04015544041450777

toeas
84.0
2316
0.03626943005181347

aeons
85.0
2316
0.03670120898100173

haole
87.0
2316
0.03756476683937824

alone
98.0
2316
0.04231433506044905

anole
96.0
2316
0.04145077720207254

louie
86.0
2316
0.037132987910189985

aeros
86.0
2316
0.037132987910189985

arose
99.0
2316
0.042746113989637305

osier
82.0
2316
0.03540587219343696

soare
106.0
2316
0.045768566493955096

oiler
92.0
2316
0.039723661485319514

oriel
92.0
2316
0.039723661485319514

reoil
90.0
2316
0.038860103626943004

solei
86.0
2316
0.037132987910189985

audio
68.0
2316
0.02936096718480138

coate
102.0
2316
0.04404145077720207

atone
98.0
2316
0.04231433506044905

oaten
96.0
2316
0.04145077720207254

ariot
105.0
2316
0.04533678756476684

ratio
91.0
2316
0.03929188255613126

irate
111.0
2316
0.04792746113989637

retia
96.0
2316
0.04145077720207254

telia
93.0
2316
0.04015544041450777

terai
97.0
2316
0.041882556131260795

lutea
88.0
2316
0.037996545768566495

oater
91.0
2316
0.03929188255613126

crane
114.0
2316
0.04922279792746114

aloes
94.0
2316
0.04058721934369603

tolar
109.0
2316
0.04706390328151986

alter
104.0
2316
0.044905008635578586

roate
104.0
2316
0.044905008635578586

raise
105.0
2316
0.04533678756476684

raile
107.0
2316
0.04620034542314335

soare
106.0
2316
0.045768566493955096

arise
98.0
2316
0.04231433506044905

orate
100.0
2316
0.04317789291882556

ariel
105.0
2316
0.04533678756476684

artel
102.0
2316
0.04404145077720207

doter
97.0
2316
0.041882556131260795

laden
93.0
2316
0.04015544041450777

later
101.0
2316
0.043609671848013815

layer
85.0
2316
0.03670120898100173

loden
90.0
2316
0.038860103626943004

lotes
88.0
2316
0.037996545768566495

naled
91.0
2316
0.03929188255613126

noter
94.0
2316
0.04058721934369603

oater
91.0
2316
0.03929188255613126

oiler
92.0
2316
0.039723661485319514

olden
83.0
2316
0.035837651122625214

oriel
92.0
2316
0.039723661485319514

rased
91.0
2316
0.03929188255613126

ratel
110.0
2316
0.047495682210708115

retia
96.0
2316
0.04145077720207254

roted
99.0
2316
0.042746113989637305

satyr
80.0
2316
0.03454231433506045

solde
88.0
2316
0.037996545768566495

taler
111.0
2316
0.04792746113989637

tardo
84.0
2316
0.03626943005181347

teloi
76.0
2316
0.03281519861830743

tenor
101.0
2316
0.043609671848013815

toile
104.0
2316
0.044905008635578586

toled
98.0
2316
0.04231433506044905

toles
94.0
2316
0.04058721934369603

toner
106.0
2316
0.045768566493955096

toran
97.0
2316
0.041882556131260795