20010 20020 00220 20120 22100 22200 02220 10220 01021 01120 10021 11101 20211 21011 21110 22022 22210 12022 12120 01222 10121 11022 01112
rt     rt    at    rat   roa   roa   oat    rat   ote   oat rte   roae  rate  rate  roat  rote  roat  rote  roat  oate  rate  rote oate
rt at rat roa oat ote oate rate roae rote roat

11101
20010 01021 01120 10021 21011 21110 10121 01112
20020 00220 20120 22100 10220 20211 12120 11022
22200 02220 22210 12022 01222
22022

20010 20020 00220
20120 22100 22200 02220 10220 01021 01120 10021
11101 20211 21011 21110 22022 22210 12022 12120 01222 10121 11022 01112

11101
20010 20020 20120 20211 21011 21110 22022 22100 22200 22210
12022 12120 02220
10220 01222 00220
01021 01120 10021 10121 11022
01112

00220 1 swath
01021 1 pesto
01112 1 atone
01120 1 quota
01222 1 ovate
02220 1 loath
10021 1 berth
10121 1 earth
10220 1 wrath
11022 1 wrote
11101 1 opera
12022 1 forte
12120 1 aorta
20010 1 right
20020 1 rusty
20120 1 ratty
20211 1 react
21011 1 retro
21110 1 ratio
22022 1 route
22100 1 royal
22200 1 roach
22210 1 roast

00000 195 limns: 13
00001 106 ceils: 8
00002 83 sling: 6
00010 63 heist: 6
00011 56 siled: 4
00012 17 lieus: 2
00020 21 ditsy: 3
00021 12 helps: 2
00022 10 muils: 1
00100 112 lynes: 13
00101 55 nebel: 5
00102 45 aulic: 6
00110 50 clint: 6
00111 25 slept: 3
00112 3 raile: 1
00120 18 absey: 4
00121 2 auloi: 1
00122 10 schwa: 3
00200 71 slink: 6
00201 11 heals: 2
00202 42 helms: 7
00210 23 linch: 3
00211 12 lynes: 2
00212 5 kevil: 1
00220 1 swath
00221 3 haole: 1
00222 7 aloes: 2
01000 66 snool: 5
01001 19 pylon: 2
01002 30 slick: 3
01010 26 scion: 4
01011 8 seton: 1
01012 5 slank: 1
01020 8 spoil: 1
01021 1 pesto
01022 2 aurei: 1
01100 33 carol: 4
01101 4 oaten: 1
01102 7 abled: 1
01110 17 aboil: 2
01112 1 atone
01120 1 quota
01200 2 aurei: 1
01222 1 ovate
02000 71 bludy: 8
02001 21 swoln: 3
02002 22 spoil: 3
02010 26 thins: 3
02011 7 talma: 1
02020 12 stony: 2
02100 16 leman: 2
02110 5 leany: 1
02200 5 soyle: 1
02210 3 telco: 1
02220 1 loath
10000 63 slick: 6
10001 102 sieur: 15
10002 39 peins: 5
10010 29 tirls: 3
10011 29 ester: 4
10012 7 bices: 1
10020 6 beigy: 1
10021 1 berth
10022 3 telia: 1
10100 35 ihram: 4
10101 42 apgar: 9
10102 10 acers: 2
10110 12 yates: 2
10111 17 latah: 3
10120 2 potae: 1
10121 1 earth
10200 51 dicks: 7
10201 6 hynde: 1
10202 23 crags: 5
10210 20 grist: 3
10211 2 aiery: 1
10212 3 cosie: 1
10220 1 wrath
10222 3 cosie: 1
11000 57 prion: 8
11001 10 oread: 2
11002 19 draps: 4
11010 21 snout: 3
11011 6 luter: 1
11012 3 paseo: 1
11020 2 erbia: 1
11022 1 wrote
11100 28 navar: 4
11101 1 opera
11102 2 uraei: 1
11110 3 auloi: 1
11200 2 uraei: 1
12000 18 hynde: 3
12001 20 waves: 7
12002 7 gnash: 1
12010 6 telos: 1
12011 2 toeas: 1
12020 4 fayne: 1
12022 1 forte
12100 9 balms: 1
12120 1 aorta
12200 2 haole: 1
20000 4 adieu: 1
20001 21 siler: 3
20002 7 ileus: 1
20010 1 right
20011 8 music: 1
20020 1 rusty
20100 15 nashi: 2
20101 12 tyler: 2
20102 2 aurei: 1
20120 1 ratty
20201 4 leary: 1
20211 1 react
21000 3 auloi: 1
21011 1 retro
21100 3 aiery: 1
21110 1 ratio
22000 6 geoid: 1
22001 4 wager: 1
22002 3 salue: 1
22010 3 aesir: 1
22022 1 route
22100 1 royal
22200 1 roach
22210 1 roast

00000 195 slimy: 5.625641
00001 106 silen: 4.018868
00002 83 sling: 3.0
00010 63 shunt: 3.063492
00011 56 siled: 2.857143
00012 17 teils: 1.3529412
00020 21 hinds: 1.9523809
00021 12 plesh: 1.3333334
00022 10 muils: 1.0
00100 112 lysin: 5.142857
00101 55 genal: 2.8181818
00102 45 mauls: 3.2222223
00110 50 clint: 3.4
00111 25 clept: 2.12
00112 3 raile: 1.0
00120 18 snipy: 1.7777778
00121 2 auloi: 1.0
00122 10 schwa: 1.6
00200 71 slick: 2.7183099
00201 11 child: 1.3636364
00202 42 slump: 3.6666667
00210 23 slink: 1.7826087
00211 12 leans: 1.5
00212 5 kevil: 1.0
00220 1 swath
00221 3 haole: 1.0
00222 7 plebs: 1.2857143
01000 66 snool: 2.8484848
01001 19 demon: 1.5263158
01002 30 slick: 2.0
01010 26 punch: 2.0
01011 8 seton: 1.0
01012 5 slank: 1.0
01020 8 spoil: 1.0
01021 1 pesto
01022 2 aurei: 1.0
01100 33 linos: 2.3333333
01101 4 oaten: 1.0
01102 7 abled: 1.0
01110 17 aboil: 1.3529412
01112 1 atone
01120 1 quota
01200 2 aurei: 1.0
01222 1 ovate
02000 71 bludy: 4.71831
02001 21 wynds: 2.047619
02002 22 gusli: 1.6363636
02010 26 munis: 1.8461539
02011 7 talma: 1.0
02020 12 shoyu: 1.1666666
02100 16 liman: 1.5
02110 5 leany: 1.0
02200 5 soyle: 1.0
02210 3 telco: 1.0
02220 1 loath
10000 63 sculk: 2.9047618
10001 102 siled: 7.2352943
10002 39 piums: 2.6923077
10010 29 trips: 1.6206896
10011 29 suint: 2.862069
10012 7 bices: 1.0
10020 6 beigy: 1.0
10021 1 berth
10022 3 telia: 1.0
10100 35 carrs: 2.8285713
10101 42 balms: 5.142857
10102 10 cauls: 1.2
10110 12 spial: 1.1666666
10111 17 talea: 2.2941177
10120 2 potae: 1.0
10121 1 earth
10200 51 dicks: 3.9019608
10201 6 hynde: 1.0
10202 23 crags: 3.173913
10210 20 grist: 2.2
10211 2 aiery: 1.0
10212 3 cosie: 1.0
10220 1 wrath
10222 3 cosie: 1.0
11000 57 grind: 4.5789475
11001 10 urned: 1.2
11002 19 phons: 2.368421
11010 21 snout: 1.9523809
11011 6 luter: 1.0
11012 3 paseo: 1.0
11020 2 erbia: 1.0
11022 1 wrote
11100 28 macon: 2.7142856
11101 1 opera
11102 2 uraei: 1.0
11110 3 auloi: 1.0
11200 2 uraei: 1.0
12000 18 cundy: 1.4444444
12001 20 mawks: 3.8
12002 7 gnash: 1.0
12010 6 telos: 1.0
12011 2 toeas: 1.0
12020 4 fayne: 1.0
12022 1 forte
12100 9 balms: 1.0
12120 1 aorta
12200 2 haole: 1.0
20000 4 adieu: 1.0
20001 21 siler: 1.7619047
20002 7 ileus: 1.0
20010 1 right
20011 8 music: 1.0
20020 1 rusty
20100 15 lapin: 1.4
20101 12 mylar: 1.5
20102 2 aurei: 1.0
20120 1 ratty
20201 4 leary: 1.0
20211 1 react
21000 3 auloi: 1.0
21011 1 retro
21100 3 aiery: 1.0
21110 1 ratio
22000 6 geoid: 1.0
22001 4 wager: 1.0
22002 3 salue: 1.0
22010 3 aesir: 1.0
22022 1 route
22100 1 royal
22200 1 roach
22210 1 roast
